Number of used features: 5160
Riemann
Cross validation run
Subject1:
0.8467153284671532
0.8394160583941606
0.8175182481751825
0.7518248175182481
0.8905109489051095
0.8321167883211679
0.8175182481751825
0.8613138686131386
0.8175182481751825
0.8832116788321168
0.8613138686131386
0.8321167883211679
0.8686131386861314
0.7664233576642335
0.7956204379562044
0.8321167883211679
0.8175182481751825
0.8102189781021898
0.8540145985401459
0.8540145985401459
Subject2:
0.6222222222222222
0.725925925925926
0.6518518518518519
0.562962962962963
0.5555555555555556
0.6444444444444445
0.6444444444444445
0.6888888888888889
0.5259259259259259
0.6592592592592592
0.6148148148148148
0.5777777777777777
0.5851851851851851
0.6296296296296297
0.6592592592592592
0.5407407407407407
0.6074074074074074
0.6074074074074074
0.6074074074074074
0.6370370370370371
Subject3:
0.8962962962962963
0.8888888888888888
0.8518518518518519
0.8814814814814815
0.8518518518518519
0.8740740740740741
0.8222222222222222
0.8296296296296296
0.8518518518518519
0.9407407407407408
0.7703703703703704
0.9185185185185185
0.8962962962962963
0.837037037037037
0.8
0.7851851851851852
0.8592592592592593
0.837037037037037
0.8222222222222222
0.8592592592592593
Subject4:
0.5114503816793893
0.45038167938931295
0.6183206106870229
0.4961832061068702
0.5877862595419847
0.5954198473282443
0.5343511450381679
0.5190839694656488
0.5343511450381679
0.5343511450381679
0.5725190839694656
0.5725190839694656
0.5648854961832062
0.46564885496183206
0.5343511450381679
0.5038167938931297
0.5877862595419847
0.5648854961832062
0.5801526717557252
0.5419847328244275
Subject5:
0.5877862595419847
0.5954198473282443
0.6793893129770993
0.5877862595419847
0.6335877862595419
0.5572519083969466
0.7022900763358778
0.5877862595419847
0.6335877862595419
0.6946564885496184
0.549618320610687
0.6717557251908397
0.6793893129770993
0.6870229007633588
0.6259541984732825
0.6259541984732825
0.5038167938931297
0.648854961832061
0.5648854961832062
0.6870229007633588
Subject6:
0.4727272727272727
0.5
0.509090909090909
0.45454545454545453
0.44545454545454544
0.39090909090909093
0.5272727272727272
0.4636363636363636
0.4818181818181818
0.6272727272727273
0.4636363636363636
0.5
0.4909090909090909
0.5
0.38181818181818183
0.6090909090909091
0.5181818181818182
0.5636363636363636
0.4
0.4636363636363636
Subject7:
0.8382352941176471
0.7573529411764706
0.9117647058823529
0.8529411764705882
0.8602941176470589
0.7941176470588235
0.8602941176470589
0.8897058823529411
0.8676470588235294
0.8308823529411765
0.8382352941176471
0.8161764705882353
0.8382352941176471
0.7941176470588235
0.8382352941176471
0.8455882352941176
0.875
0.7941176470588235
0.8602941176470589
0.8308823529411765
Subject8:
0.8712121212121212
0.8863636363636364
0.8636363636363636
0.8787878787878788
0.8863636363636364
0.9166666666666666
0.8181818181818182
0.9242424242424242
0.8560606060606061
0.8863636363636364
0.8787878787878788
0.8636363636363636
0.7954545454545454
0.8863636363636364
0.8409090909090909
0.8484848484848485
0.8787878787878788
0.9166666666666666
0.9015151515151515
0.8636363636363636
Subject9:
0.6554621848739496
0.5966386554621849
0.6470588235294118
0.6302521008403361
0.6386554621848739
0.6386554621848739
0.5882352941176471
0.6974789915966386
0.6470588235294118
0.6974789915966386
0.6890756302521008
0.5798319327731093
0.5798319327731093
0.6470588235294118
0.7142857142857143
0.6890756302521008
0.6638655462184874
0.6722689075630253
0.6134453781512605
0.6890756302521008
Average success rate: 0.7024476011057116
Training average time: 567.4656258953942
Evaluation average time: 218.9943986998664
Time elapsed [s] 7273.756524562836
 time: 222.24666441811456
Time elapsed [s] 7258.536976099014
d [s] 7195.470849514008
260721207
